50,15-08-2015 14:00:00,1,2,1000,1
51,15-08-2015 07:00:00,1,2,1000,1
52,15-08-2015 07:30:00,1,2,1000,1
53,15-08-2015 09:00:00,1,2,1000,1
54,15-08-2015 10:00:00,1,2,1000,1
55,15-08-2015 17:00:00,1,2,1000,1
56,15-08-2015 20:00:00,1,2,1000,1
57,15-08-2015 22:00:00,1,2,1000,1
58,20-08-2015 12:00:00,1,2,1000,1
59,03-07-2015 10:30:00,1,2,1000,1
60,03-07-2015 07:30:00,1,2,1000,1
61,03-07-2015 07:30:00,1,13,1000,1
62,15-08-2015 14:00:00,2,3,1000,1
63,15-08-2015 07:00:00,2,3,1000,1
64,15-08-2015 07:30:00,3,4,1000,1
65,15-08-2015 09:00:00,3,4,1000,1
66,15-08-2015 10:00:00,3,4,1000,1
67,15-08-2015 17:00:00,3,4,1000,1
68,15-08-2015 20:00:00,3,4,1000,1
69,15-08-2015 22:00:00,3,9,1000,1
70,20-08-2015 12:00:00,3,10,1000,1
71,03-07-2015 10:30:00,4,1,1000,1
72,03-07-2015 07:30:00,4,1,1000,1
73,03-07-2015 07:30:00,4,3,1000,1
74,15-08-2015 14:00:00,5,20,1000,1
75,15-08-2015 07:00:00,5,21,1000,1
76,15-08-2015 07:30:00,6,22,1000,1
77,15-08-2015 09:00:00,6,23,1000,1
78,15-08-2015 10:00:00,6,25,1000,1
79,15-08-2015 17:00:00,6,26,1000,1
80,15-08-2015 20:00:00,6,30,1000,1
81,15-08-2015 22:00:00,7,1,1000,1
82,20-08-2015 12:00:00,8,2,1000,1
83,03-07-2015 10:30:00,9,3,1000,1
84,03-07-2015 07:30:00,10,4,1000,1
85,03-07-2015 07:30:00,11,5,1000,1
86,15-08-2015 14:00:00,12,6,1000,1
87,15-08-2015 07:00:00,13,7,1000,1
88,15-08-2015 07:30:00,14,8,1000,1
89,15-08-2015 09:00:00,15,9,1000,1
90,15-08-2015 10:00:00,16,10,1000,1
91,15-08-2015 17:00:00,17,11,1000,1
92,15-08-2015 20:00:00,18,12,1000,1
93,15-08-2015 22:00:00,19,13,1000,1
94,20-08-2015 12:00:00,20,14,1000,1
95,03-07-2015 10:30:00,21,15,1000,1
96,03-07-2015 07:30:00,22,16,1000,1
97,03-07-2015 07:30:00,23,17,1000,1
98,15-08-2015 14:00:00,24,18,1000,1
99,15-08-2015 07:00:00,25,19,1000,1